1663
1163
424
1860
2173
2208
1775
718
1992
29
826
2893
2778
20
2278
558
995
1398
1565
2337
1748
2161
1837
1990
701
93
1868
1863
2369
1993
1337
907
2839
1239
1576
671
750
321
1152
223
2125
1924
1959
682
1440
1027
2253
2107
2319
674
2825
1673
457
1046
2038
320
854
1784
732
2263
728
1282
1956
1758
1000
1704
1443
1551
1476
1622
1032
1795
75
296
2086
1984
2967
121
990
2090
790
140
983
318
2990
174
1646
388
1031
467
40
2150
744
2671
136
2254
1639
2635
1393
2634
2220
559
333
1913
1115
1602
1665
2696
72
496
178
2291
261
1590
625
2777
975
2730
1389
2176
449
360
2885
636
1354
1561
764
1159
2370
809
276
1165
1355
1544
1708
2089
2722
297
2352
805
2180
1203
2779
774
633
153
497
882
1703
1538
1619
2437
1937
145
2223
2206
1932
2241
910
154
182
1525
1973
534
2961
2429
1871
697
362
1317
2903
1481
2448
2168
2405
57
2467
1893
2680
2719
2452
2149
621
2431
1247
1542
942
2306
2416
912
2689
1143
2611
242
688
696
1155
2396
2687
1494
2650
2408
1343
2995
948
1350
1413
684
1560
939
617
2156
442
869
877
1255
167
1533
1077
835
142
2766
1829
903
1224
2585
2501
557
1714
1934
2387
965
952
1442
930
626
987
727
1308
32
1092
859
2471
893
488
787
676
2461
1273
482
1818
992
731
43
1323
2385
94
1118
2973
528
158
2520
1919
513
2106
2283
2707
1936
347
1682
2171
2582
2309
746
268
2469
105
1174
69
756
2700
669
2354
2998
1808
1526
1737
2751
2224
2590
788
1366
824
1307
341
2725
1729
2513
836
1750
1465
1327
1923
1633
1493
65
177
2869
271
2298
2209
1310
2331
2786
2840
1613
1231
386
1556
1074
2972
1090
472
949
1628
1572
1878
198
1771
2705
1228
1751
1358
2592
2681
2720
1321
2559
1623
2745
2240
2051
2061
1532
988
2417
1316
1632
1952
2905
2189
1188
855
2933
226
2685
905
716
2875
2006
737
2978
1470
1191
2364
2851
964
818
958
720
1045
2865
2295
1583
2800
2166
1939
2290
102
2672
2675
289
933
87
1012
554
938
108
412
1156
2397
2147
967
1138
2455
1941
2651
77
2709
2269
402
1640
838
312
1695
1553
1420
1460
1831
2049
2847
2740
385
693
1577
2129
941
332
2647
1139
2184
1048
2794
1124
860
1121
18
726
2898
1291
273
551
2234
1387
1047
1527
133
899
1514
1488
1873
622
1125
1986
2225
2708
37
1853
170
310
691
2673
220
1502
291
2667
1736
1286
298
2605
812
2894
607
571
1866
1141
251
1756
403
2014
2293
294
2684
937
1521
2841
2902
1626
944
2591
2760
733
355
2138
425
270
1554
2587
129
452
1743
2357
2175
249
1214
1692
712
637
940
1489
1634
67
1940
1185
657
89
2570
1549
19
2613
1104
2264
454
2418
2272
532
1274
214
1500
351
1728
601
229
2881
1221
800
2353
2864
2785
168
326
651
1776
1764
1464
233
2307
2282
1065
1664
665
658
1428
1096
1147
1485
2567
116
2713
1491
789
897
2789
2012
1778
215
1543
2564
2665
2695
2088
2914
1702
1655
1479
2140
2958
1490
1515
1400
916
2988
1545
2769
222
1681
1131
110
1917
1222
1269
963
2250
130
1895
785
1385
2281
1653
2081
2646
2261
631
1153
2943
856
2860
525
2563
2454
2741
1209
925
2157
2688
1617
1007
772
1927
2054
2622
2949
946
2653
1236
1136
2362
2230
406
2068
1206
2744
2112
2410
2931
2300
1204
646
2490
536
711
2201
325
180
2975
2361
2384
2836
504
1068
2367
2997
1763
1902
1482
832
1220
2344
539
1797
1950
314
445
531
1847
2322
1809
2320
1957
1686
1523
390
2956
1369
2876
1608
2055
2096
1676
1821
1571
1589
2091
880
648
2803
2287
2347
741
84
1864
2058
2614
2299
1026
184
1225
2007
773
2742
2372
134
508
542
393
48
1498
2515
193
1822
2799
375
2753
2228
2050
1450
2053
681
2863
62
2324
1694
2094
1041
661
267
1451
1044
370
2297
935
279
865
921
1406
300
1528
1177
1484
632
2110
529
2565
68
1791
1668
594
1856
2477
2900
533
2921
1969
2535
723
1974
2812
2221
778
846
1574
1397
2378
798
689
38
1256
524
1960
1757
1086
2509
1211
2718
2871
423
367
2400
119
1173
382
1424
2974
576
885
1930
2697
1145
510
306
2964
12
725
1707
581
2873
896
2738
1140
479
984
1193
1250
537
2127
1017
186
1022
645
1700
139
1904
2428
1294
2775
1540
52
181
444
2948
2784
269
2279
285
1085
936
1284
2612
1824
801
2950
660
173
2814
354
394
890
1730
2540
1517
2474
1180
1486
1246
125
1399
1887
2798
2678
858
1685
561
217
2499
2430
2193
1135
2288
2491
1754
144
2883
715
171
1119
101
1453
33
1003
2462
2845
2415
2465
1499
1885
2698
292
624
2128
1888
1958
2935
2987
862
1199
1151
1709
2073
2120
1591
1669
2473
2686
928
2907
2553
708
1900
1457
146
2749
2015
1798
245
2064
1546
1445
2252
1347
1301
2858
2332
2649
2134
56
327
1994
2435
2414
2163
1963
709
1315
1477
1468
1611
1867
1005
2205
2426
871
2311
235
1796
1200
1373
503
42
295
2433
751
2842
1095
2783
2912
811
1098
1436
379
1658
908
2398
1666
1897
1117
2756
1314
2244
2192
604
1587
1610
600
95
241
1830
284
28
1609
1034
2859
641
820
2517
304
654
2382
892
2861
2682
1911
1028
2712
111
1972
2386
1717
1202
1568
2966
2226
396
264
1471
1040
1741
843
1585
2829
3000
1630
2788
2381
104
2965
2662
703
883
2837
2135
2546
1548
598
490
3
1039
1164
1383
2021
802
1690
2955
343
1495
1693
1150
2044
2734
135
2409
2827
2097
969
2486
2303
486
1713
1243
485
2895
1876
1322
1752
920
1635
2679
686
1616
1014
252
1341
1168
328
1945
196
2910
700
395
231
1965
1862
2187
216
570
771
1584
1724
2577
2999
1370
1557
755
1890
204
237
585
2177
998
2598
1437
1088
1501
1184
2442
2638
1459
2561
1248
2395
913
152
2514
383
2993
2771
2866
303
572
857
1448
1422
2179
345
1472
397
981
2872
1052
1689
543
2335
1916
63
1332
371
34
2130
1326
2153
605
1539
1820
932
409
45
2121
927
384
644
90
147
203
2806
2479
2677
2289
438
1376
1229
2878
31
407
2276
1922
730
2844
13
982
2219
705
501
2041
724
1432
248
2028
363
1371
489
1407
1335
2927
2934
2715
2989
1492
929
1283
2492
1697
692
2877
1535
1803
2197
2615
1877
2699
2832
2657
1216
1455
1157
1375
236
202
27
821
2519
2643
192
794
1299
548
2027
169
109
2034
433
2736
2527
931
1102
1427
350
2793
914
5
2618
704
2752
1272
1345
463
1580
1336
514
2644
923
2602
2710
2558
305
211
64
2195
1456
597
151
23
2339
2822
1160
1843
1701
1234
2498
827
329
2317
2928
2095
352
2497
2066
584
316
1892
1840
30
1977
188
348
670
2548
886
777
642
2811
2620
977
2808
1210
15
1562
1429
1133
1384
2506
698
1948
1388
1995
432
387
1303
1223
884
2067
591
831
959
448
2701
1925
212
164
1946
2009
2780
1575
2729
1657
1744
1792
822
549
1999
1627
1480
2796
2802
2625
2376
1176
1374
16
1035
904
2843
639
1509
1552
2178
1844
2557
2962
148
2666
2323
2039
2617
888
757
866
2334
1217
1637
1435
1359
2575
556
1087
1108
1508
232
2888
1679
1564
2954
1762
413
230
2312
813
568
2572
2371
1732
2126
719
1418
1080
2795
1851
2813
2404
2333
1167
2583
128
2544
2165
745
2057
999
2305
1731
2379
1586
126
1082
850
1931
2918
1886
99
2456
2440
60
464
191
2503
2239
1816
100
2059
1522
666
902
1747
1828
1599
583
2629
1742
2060
1158
754
2757
254
1777
2976
1293
2735
804
2897
1629
2342
1981
2468
2536
2906
141
894
2446
2917
2167
518
553
1612
2164
1903
1788
107
2971
1606
786
120
2453
2336
2541
83
1985
2343
1396
567
2550
1162
1966
2401
258
21
1289
1505
582
2714
2728
2077
176
301
1582
2817
2399
2669
2489
2588
400
2853
324
538
1287
1171
1458
2819
336
1401
1434
1281
889
2419
1339
239
1942
734
2790
1768
2025
1569
619
2087
2262
2772
2676
1242
2538
1249
453
1071
573
1705
608
517
2425
247
342
2733
2815
1898
2204
667
980
616
59
1596
201
1467
1275
2746
2502
588
213
2510
2551
2356
2329
1652
630
2383
699
1834
955
2108
1825
2285
455
2852
2148
14
1938
915
2493
2348
2075
17
702
82
629
1654
2132
1004
1601
1264
779
2890
311
2922
649
900
2823
2151
993
1644
1439
404
864
1463
2726
260
2199
2213
1799
2560
2302
2411
437
1475
1259
2694
421
1018
2834
1328
1773
2136
2476
2251
427
2586
1295
1846
54
398
1823
627
1309
2781
2200
150
652
1842
1148
2764
2308
590
1812
1547
1631
891
2737
78
2982
906
255
1636
253
2945
132
1025
2063
2301
2850
189
265
2084
1244
2008
759
1894
623
74
620
2526
2143
2105
2608
1769
677
2960
2631
1907
2882
2791
844
780
1340
208
1723
580
113
2113
1372
2529
1051
707
2555
2578
1196
2032
1112
1848
2939
149
1417
500
1154
1161
2351
2533
522
1782
753
1859
1841
1978
389
2390
2807
476
2702
1144
919
2996
480
2065
1055
2037
7
1852
1189
1896
2374
1258
2640
218
47
611
1280
275
1536
1099
2758
1064
2119
2952
1245
909
2816
80
793
2904
280
2196
1761
781
1421
1320
429
1661
1991
922
2573
1016
994
951
1813
647
2194
762
2328
603
2830
2600
1955
2942
587
1746
2704
2093
2242
610
2854
2235
1800
376
1770
1053
747
2355
2249
219
2981
2574
1394
521
118
830
541
238
1845
1103
1883
1850
2030
85
24
1980
1614
461
1815
2412
609
2109
1137
752
1381
2274
1325
1567
199
1598
378
2754
1537
465
2406
1914
2116
863
1213
1604
257
758
2438
1715
1487
2267
2036
2543
1063
1182
1943
1023
1967
492
2380
1313
1312
8
1367
55
2920
2457
2831
796
2731
2026
1760
1579
309
259
468
2601
540
1205
2663
1989
1740
1648
1699
852
346
1541
2296
1219
1365
2190
2188
966
2977
2449
653
2994
1988
803
2691
1172
2172
1368
1510
748
51
1511
2345
2884
1857
506
2717
286
50
2940
443
358
1364
722
372
1069
1292
1597
578
823
1621
200
2211
960
22
244
1667
1215
2899
976
2970
991
1961
1879
1827
307
606
2046
586
784
2104
2768
1530
420
825
1329
2924
2001
2
197
520
1921
2846
377
2985
2248
635
2318
2480
1342
374
2627
1638
207
614
974
1061
1783
1254
2531
680
2441
2141
2632
6
262
185
1688
569
593
565
563
2674
2926
873
2062
460
2619
837
1331
2656
2984
2402
293
1361
673
1662
2826
1403
1006
1111
2258
1983
1049
1725
1123
947
1311
1036
2265
206
2968
1680
2932
2017
2930
2571
2511
1503
2122
210
35
491
179
2721
2232
527
1563
1132
1595
1462
2523
1469
1979
1645
997
1869
2750
761
1257
643
447
495
985
926
740
1411
1779
1882
2155
1029
2326
1084
1678
274
1109
1110
1378
979
2648
2078
1749
2074
828
664
2207
2524
162
853
767
1735
2202
2711
1647
288
227
1076
357
2360
1066
1691
79
566
1901
1889
175
817
1240
1122
1594
2576
2052
502
1362
1719
1787
1998
1285
592
221
763
602
1953
1625
2857
2222
1415
1814
783
814
2229
475
209
2472
1348
634
471
365
1670
1037
2236
1970
484
2724
441
834
481
2986
562
1524
2033
2214
876
2896
550
172
1198
2516
2069
595
2215
2070
2314
487
283
596
1001
2693
39
2160
2637
1129
1926
1909
2191
1263
1772
2889
1002
2661
2169
1996
816
1192
815
1506
918
1954
2820
1512
2937
157
505
683
2035
2969
1566
1201
1712
851
1531
1226
138
2568
742
446
1687
2029
2595
1183
66
792
1113
2748
1170
628
970
807
1330
1260
1592
499
2655
678
1849
2532
2580
2670
263
1733
2530
1116
2879
1716
2040
2170
2280
1233
2019
1935
339
530
806
1899
2645
2407
717
2424
1058
1306
1793
1727
456
131
1651
1062
1363
2528
819
224
2349
895
2596
1298
879
2100
494
1975
1529
1745
2887
2366
575
1276
555
2762
2341
2765
1677
943
544
2951
240
2603
971
672
1416
36
1057
194
2394
547
1091
2692
957
2941
713
2022
190
2495
9
2664
1642
1794
2182
1252
1346
353
2152
1304
2983
338
2056
2439
917
1519
1881
462
2537
1929
2447
872
91
2755
2076
1009
2901
675
868
1504
1081
2683
770
2002
266
71
640
1674
1805
299
2275
2047
1392
2782
2584
875
507
1178
2706
1405
887
2111
205
2043
2838
2259
1790
685
749
2154
408
2432
1114
2654
833
2521
1855
410
2870
1288
1497
2238
1600
1352
340
511
2340
2818
364
1912
272
2159
163
799
2083
2787
2867
498
1097
1520
1721
493
470
638
968
2363
1356
829
714
2923
1067
1801
516
2048
1559
2277
58
124
1197
2271
2610
1379
2315
2848
2892
775
1030
2145
1377
2732
2505
760
766
434
2957
2389
2233
2641
2862
2581
1671
545
159
11
2963
2139
2260
2774
2569
123
2727
1241
1011
1353
1976
1175
2098
1804
2137
509
1643
523
1351
2460
1296
243
2607
1186
2227
1409
1706
2835
1875
810
2642
2403
2286
1507
2566
1684
1059
1360
1836
1010
1962
2459
2660
228
1194
1390
2624
49
2500
2377
2868
1120
2552
1928
1478
1404
2273
469
459
2198
97
535
2313
1419
61
44
1349
729
2185
2123
399
92
337
1278
1101
1650
417
1447
2809
2463
2828
878
768
2270
861
331
2849
1187
1230
841
1675
1620
381
1208
2810
2247
2142
1806
2181
1656
2413
2102
1835
70
1785
1238
1968
1786
2763
2630
739
2444
1106
2365
103
313
2821
989
1817
2481
2767
391
256
1659
323
2117
769
439
2761
1810
234
2470
1891
743
1054
961
106
369
2358
1739
2103
330
277
1433
1593
679
721
2633
1720
2391
2545
1905
317
1964
2626
2504
302
1333
2427
1767
2079
1438
1261
2992
2231
2747
2597
2599
881
736
2321
1
1334
849
290
1441
1268
418
1357
695
4
1710
2703
515
2946
361
2938
2916
458
473
1461
1603
1253
1079
1570
1997
1431
795
2716
1251
2000
450
1042
2589
1696
1466
1516
1641
344
451
1718
2594
287
2908
2801
1078
25
1277
2792
2913
1908
1573
1454
195
2316
2991
2522
165
1190
187
953
847
1947
2925
2936
512
2023
431
1711
2246
2886
1146
1033
1838
1218
1444
1130
1265
368
1874
1854
1070
435
155
2915
282
1020
618
1738
2330
2217
2359
2011
1550
2042
599
1872
2880
1305
2464
2183
2776
2024
1319
1483
2243
2723
2422
1021
2659
1297
613
690
1933
2144
2953
1302
2013
589
114
1513
1588
2101
1766
440
405
246
1015
250
1279
526
2450
776
1615
1452
2690
2979
1019
415
1060
1410
1753
96
143
765
1126
2451
2080
127
183
2423
782
874
2512
1971
1982
1181
2292
380
1127
1581
1734
656
2420
1832
1865
945
2554
315
2020
422
1338
1722
1474
2494
1395
2212
1382
2929
1013
2562
706
1755
655
1207
122
1518
1318
2525
2579
1271
2623
2186
2368
519
1802
88
411
2114
1212
366
2375
2759
2004
2393
76
2373
1093
710
86
2909
840
2547
735
1179
160
2392
1870
2010
2485
986
2488
1951
1833
98
1166
1858
2268
2256
1290
2770
924
2856
560
1149
426
1266
46
898
738
2327
2616
2652
392
2609
663
1726
2346
901
973
2338
1496
2304
137
2980
419
1781
1449
1235
2325
2507
1300
41
1918
466
10
2478
2099
1819
115
2085
2604
1043
842
2443
2475
319
1807
1884
2146
1232
1324
1607
436
2092
2124
2310
2003
1789
2245
2549
2542
483
2658
2959
2133
1083
2072
278
2911
2434
2458
1107
1880
1698
1426
1949
1270
1344
612
2216
1128
416
2436
2639
53
1920
662
650
477
2284
1618
2294
2539
1402
2445
2045
2388
1811
1624
546
81
2636
2496
2628
2016
552
356
962
2891
1759
694
870
2158
1386
308
687
1672
2484
2203
1425
2804
1262
428
322
156
1073
2824
1024
1430
1534
845
2131
1826
1578
2483
2071
2739
2115
1008
2606
2944
1987
574
808
2210
1605
2174
950
112
1861
2947
934
334
2487
478
1649
1094
615
1558
1072
797
848
1391
359
1038
1237
2797
1267
1195
2082
2218
2621
579
430
2350
1944
2421
1446
2593
659
349
1906
1683
668
474
2118
26
2855
2919
2556
373
401
1423
2668
161
1910
1134
2266
2466
839
281
1227
791
2257
225
954
1660
1774
564
2005
2031
1473
1056
335
73
1555
1414
1839
2162
577
117
2874
2743
2534
2833
1380
1089
972
166
2018
2805
1100
2482
2237
1142
2773
2508
414
1105
1169
956
867
1765
911
1915
2255
978
2518
996
1050
1408
1412
1075
1780
